data/weather/current/current-wind-surface-level-gfs-1.0.json.2
{"header": { "discipline":0, "disciplineName":"Meteorological products", "gribEdition":2, "gribLength":79126, "center":7, "centerName":"US National Weather Service - NCEP(WMC)", "subcenter":0, "refTime":"2021-09-01T00:00:00.000Z", "significanceOfRT":1, "significanceOfRTName":"Start of forecast", "productStatus":0, "productStatusName":"Operational products", "productType":1, "productTypeName":"Forecast products", "productDefinitionTemplate":0, "productDefinitionTemplateName":"Analysis/forecast at horizontal level/layer at a point in time", "parameterCategory":2, "parameterCategoryName":"Momentum", "parameterNumber":2, "parameterNumberName":"U-component_of_wind", "parameterUnit":"m.s-1", "genProcessType":2, "genProcessTypeName":"Forecast", "forecastTime":0, "surface1Type":103, "surface1TypeName":"Specified height level above ground", "surface1Value":10.0, "surface2Type":255, "surface2TypeName":"Missing", "surface2Value":0.0, "gridDefinitionTemplate":0, "gridDefinitionTemplateName":"Latitude_Longitude", "numberPoints":65160, "shape":6, "shapeName":"Earth spherical with radius of 6,371,229.0 m", "gridUnits":"degrees", "resolution":48, "winds":"true", "scanMode":0, "nx":360, "ny":181, "basicAngle":0, "lo1":0.0, "la1":90.0, "lo2":359.0, "la2":-90.0, "dx":1.0, "dy":1.0 }, "data":
[rows 25 to 49 of 181, columns 57 to 113 of 360]
0.3203174,-0.5096826,-0.21968262,1.0003173,0.11031738,0.14031738,-0.26968262,1.2903174,1.7203174,2.2203174,2.5603173,3.173828E-4,0.6503174,1.8003174,2.8903174,4.0903172,4.3403172,4.360317,4.2003174,3.9403174,4.2603173,4.3303175,2.6903174,2.2403173,2.9303174,2.8603175,3.0603173,3.3003173,3.5803175,4.400317,3.0103173,2.3803174,2.1003175,3.2903173,1.2103174,3.1203175,2.4703174,2.7703173,5.7203174,5.170317,6.0503173,7.9703174,8.770317,9.500318,9.210318,9.360317,9.870317,10.010318,7.170317,10.160317,5.7903175,4.5703173,7.360317,8.510318,5.7003174,1.3003174,-1.2496827
0.40031737,0.010317382,0.37031737,1.7003174,1.2903174,0.73031735,-1.9396826,-1.1196827,0.3103174,0.6403174,1.2703174,1.2403173,0.4703174,1.1903174,2.5703173,3.5603173,4.110317,4.8503175,5.2503176,5.2203174,5.150317,5.0703173,5.360317,5.5903172,4.3703175,2.6703174,2.6803174,3.2303174,3.3803174,1.9403174,2.7403173,1.1603174,1.6503174,1.9203174,1.2103174,1.7503173,2.1603174,1.9603174,2.7603173,1.4303174,1.8203174,1.3503174,3.5203173,6.8303175,5.2103176,5.860317,6.1803174,8.060317,6.0003176,5.400317,4.8303175,5.880317,4.860317,6.650317,7.3003173,3.6503174,1.5403174
0.6903174,0.24031739,0.8903174,1.8303174,1.9303174,1.4703174,1.0803174,1.0903174,-0.009682617,0.6803174,1.0903174,1.9303174,1.5903174,2.3103173,2.1803174,2.2003174,2.7803173,3.7403173,4.2703176,4.6803174,4.920317,5.5903172,4.5103173,3.6203175,3.5503173,3.3203173,3.0503173,3.1503174,2.1003175,2.9203174,2.4203174,1.4103174,1.0603174,0.91031736,0.8903174,1.0903174,2.8103173,1.9103174,0.7703174,1.3303174,1.9803174,3.1503174,3.6903174,3.5203173,3.1503174,4.4803176,3.8203173,3.4603174,4.5503173,5.2703176,7.1603174,4.7903175,6.170317,6.5603175,4.3203173,3.3603175,1.3203174
-0.13968262,-0.08968262,0.020317383,0.53031737,1.6803174,1.1003174,1.8503174,1.6903174,0.79031736,1.1303173,1.0403174,1.2303174,1.7603173,1.3403174,3.0603173,3.8303175,3.9003174,3.4803174,3.6603174,3.9803174,3.3703175,3.3303175,3.5803175,3.9403174,4.0203176,5.4303174,5.3003173,6.5303173,3.2203174,2.7003174,2.2203174,2.1003175,1.6603174,0.8103174,0.9503174,0.6703174,0.84031737,0.17031738,-0.14968261,0.20031738,1.5303174,1.7803174,2.3903174,2.1503174,2.7103174,3.4903173,2.7703173,4.0803175,3.9703174,6.4303174,5.5303173,4.3303175,5.0203176,4.170317,5.2503176,6.0503173,2.7203174
-0.049682617,0.030317383,-0.52968264,1.0403174,-0.8496826,-0.47968262,0.4703174,0.9603174,0.4703174,-0.08968262,-0.029682618,0.5703174,0.98031735,1.3803173,1.9903173,3.0803175,3.1603174,3.2703173,2.6003175,4.0003176,3.3303175,2.5603173,2.8703175,2.3203173,2.8203173,2.9203174,2.7403173,2.7203174,2.7903173,2.0903175,2.4003174,2.1103175,0.97031736,1.0303174,0.79031736,0.9303174,0.6703174,0.49031737,0.020317383,-0.3096826,0.5203174,1.3103174,1.9003174,1.4303174,2.2103174,3.6103175,3.3003173,3.9403174,3.8403175,4.900317,4.4903173,4.2303176,4.0803175,3.7803173,4.1403174,3.1403174,3.3703175
-1.3396826,-1.1796826,0.030317383,-0.15968262,0.6903174,0.9303174,0.42031738,1.1003174,1.0503174,-0.34968263,-0.08968262,0.66031736,0.13031739,0.6703174,0.46031737,0.72031736,1.4603174,2.3503175,2.0803175,1.9503174,2.0203173,1.6603174,2.0003173,1.6903174,1.6503174,1.8103174,2.0803175,2.0303173,2.4103174,2.2303174,2.6003175,1.7903174,2.0203173,1.2803174,0.8103174,1.2903174,1.8803173,0.73031735,0.4103174,0.2603174,0.16031738,0.40031737,0.7703174,0.8803174,1.1003174,2.3003173,2.6003175,2.8003173,3.1003175,2.8903174,3.5103173,3.7403173,3.7703173,3.7703173,2.9503174,2.5703173,2.4503174
-1.0496826,-0.7396826,0.20031738,0.37031737,-0.22968262,-0.19968262,-0.12968262,-0.10968262,0.5803174,0.6103174,0.6703174,0.48031738,0.5703174,0.8103174,0.2803174,0.8203174,0.6803174,1.3503174,1.4103174,1.9203174,1.7003174,1.2903174,1.6903174,1.7803174,2.9903173,1.8303174,1.7503173,1.7703174,1.6103173,1.4203174,1.5103173,1.7203174,1.7503173,2.4903173,1.1403174,-0.7596826,0.7503174,0.15031739,0.2603174,-0.3396826,0.4403174,1.0003173,0.73031735,0.6903174,0.8203174,1.1403174,1.5703174,1.9903173,2.6403174,3.5703173,2.7303174,3.1803174,2.8303175,2.3903174,1.4903173,2.2803173,0.6703174
-1.5796826,-1.4896827,-1.5896826,-0.7996826,-0.8196826,-0.52968264,-1.4496826,-1.1496826,-0.9996826,-0.9396826,0.5103174,0.5103174,-0.10968262,0.4103174,0.6503174,0.36031738,0.59031737,0.72031736,1.1003174,1.2903174,1.2703174,1.2603173,1.1103173,1.3903174,1.4803174,1.5003173,1.5103173,0.7403174,0.8003174,1.0903174,0.78031737,0.5503174,1.4803174,1.1403174,1.1103173,0.60031736,-0.15968262,-0.3996826,-0.5996826,-0.10968262,-0.029682618,-0.039682616,-0.019682618,-0.2796826,-0.16968262,0.2503174,0.9603174,1.6203173,2.4603174,2.8103173,2.3803174,1.6703174,1.4503174,2.1103175,2.2603173,1.4403174,0.5203174
-3.3796825,-2.4196825,-2.7496827,-1.8596826,-1.7996826,-1.1996826,-0.20968261,0.15031739,-0.6896826,-0.52968264,0.07031738,0.9303174,0.10031738,0.78031737,0.8103174,0.8903174,0.6903174,0.91031736,0.5803174,0.66031736,0.7103174,0.97031736,0.9903174,0.9403174,0.79031736,0.6703174,1.3203174,2.1103175,1.5103173,1.8303174,1.0503174,1.1103173,0.9503174,0.7503174,1.0503174,0.5203174,-0.17968261,-0.47968262,-0.9296826,-0.77968264,-0.8096826,-1.1396827,-1.1396827,-1.3896827,-0.9496826,-0.07968262,0.36031738,-0.6396826,0.4103174,0.79031736,1.1503174,0.59031737,1.3403174,1.7503173,1.4103174,0.4103174,0.84031737
-2.5696826,-1.7596827,-3.3396826,-3.3996825,-1.8496826,-1.7996826,-1.2996826,-0.5796826,0.53031737,-0.5096826,-0.52968264,0.16031738,0.78031737,0.59031737,1.2603173,0.91031736,1.0603174,0.8703174,0.97031736,0.8903174,0.7003174,0.6903174,1.6403174,1.5703174,1.7303174,1.2003174,1.6203173,1.6803174,1.8303174,1.3503174,1.4203174,0.49031737,1.3903174,-0.23968261,-0.6096826,-0.70968264,-0.6696826,-1.0296826,-2.1396825,-2.2296827,-1.7396827,-1.1696826,-0.89968264,-1.1496826,-0.5496826,-1.0296826,-0.83968264,-1.0096827,-0.8596826,0.060317382,0.6703174,0.4703174,1.2903174,0.15031739,0.53031737,0.2603174,0.46031737
-1.4596826,-0.77968264,-1.2696826,-0.8896826,-2.4296827,-0.21968262,-0.32968262,-1.1996826,-0.34968263,0.46031737,1.0003173,0.6103174,-0.25968263,0.5503174,0.5103174,1.1403174,1.4203174,1.0203174,1.2203174,1.3703173,1.4803174,1.3603173,1.4703174,2.2803173,1.9203174,2.9403174,1.2303174,1.8703173,2.8603175,1.1103173,-0.34968263,-0.4396826,0.37031737,0.79031736,0.27031738,0.080317385,-0.25968263,-1.1996826,-0.58968264,-0.24968262,0.43031737,-1.0896826,0.42031738,-1.2096826,-0.20968261,-0.5796826,-0.77968264,-1.9296826,-0.4296826,-0.5596826,-0.06968262,0.19031738,-0.6796826,-0.26968262,-0.08968262,-0.5696826,0.21031739
0.9303174,-1.2196826,0.2803174,-2.3796825,-1.9396826,-3.3896825,-2.2496827,-0.8296826,-1.3296826,-0.9496826,0.39031738,1.3503174,1.8003174,0.72031736,0.17031738,0.49031737,0.9903174,1.4303174,1.0003173,1.5403174,1.4003174,0.46031737,2.9603174,1.6503174,1.9203174,2.0203173,1.0903174,0.6703174,0.3503174,0.73031735,1.0703174,0.11031738,0.54031736,0.6803174,1.1903174,1.3803173,-0.06968262,-0.8796826,0.7703174,-0.18968262,0.4103174,-0.4696826,-0.37968263,-1.2096826,0.030317383,-0.009682617,-0.9896826,-1.4496826,-1.1996826,-0.6096826,-0.35968262,0.40031737,-0.9996826,-0.5696826,-0.099682614,-0.3996826,-0.019682618
0.8003174,0.72031736,0.13031739,-0.9496826,-2.7196827,-1.1896826,-2.1796827,-2.3796825,-0.9496826,-0.6696826,-0.9896826,0.24031739,1.0103173,1.8503174,3.1903174,2.6603174,3.6203175,3.6303174,2.6703174,2.2803173,2.0403173,2.0703173,1.7703174,0.5703174,-0.4296826,0.9203174,0.5803174,-0.29968262,-0.3096826,0.7603174,0.59031737,0.9303174,0.8203174,0.40031737,-0.5996826,-0.3996826,0.080317385,0.8803174,0.020317383,-0.58968264,-0.9396826,-0.16968262,-0.009682617,0.010317382,-0.05968262,0.9203174,0.7003174,-0.8896826,-1.7496827,-0.47968262,-0.44968262,-0.8696826,0.020317383,0.78031737,-1.0496826,-1.0596826,-0.11968262
-0.23968261,2.1303174,1.0703174,-0.26968262,-1.7396827,-2.8296826,-3.0396826,-2.0696826,-2.3396826,-1.0796826,-1.8896827,-0.65968263,-0.5996826,-0.049682617,0.66031736,1.4903173,2.1603174,2.5103173,3.6903174,2.7503173,1.2903174,-0.19968262,-0.5496826,-1.4696826,-0.9196826,-0.9496826,-1.2596827,-0.039682616,0.8603174,0.9203174,0.36031738,-0.35968262,0.6403174,-0.8796826,-1.0496826,0.7403174,-0.049682617,0.19031738,-0.31968263,0.98031735,-0.76968265,-0.8896826,-0.8596826,-0.19968262,0.2803174,-0.009682617,0.3103174,-0.15968262,-1.1896826,-2.3496826,0.07031738,-0.5596826,-0.28968263,0.080317385,-0.06968262,0.4703174,0.40031737
-0.34968263,0.53031737,-1.1396827,-0.9196826,-0.71968263,-2.1596825,-2.0996826,-2.1796827,-1.8396826,-2.1796827,-2.1996827,-2.0596826,-1.9596826,-1.7196826,-1.7196826,-1.4196826,0.2803174,0.7603174,0.9403174,2.5803175,0.98031735,-0.8296826,-1.3596826,-1.0296826,-0.05968262,0.17031738,-0.12968262,0.9303174,0.8603174,0.010317382,-0.009682617,-1.1396827,-0.5996826,1.2203174,-0.21968262,-1.5496826,1.4103174,-0.65968263,-0.51968265,-0.8496826,-0.8796826,-0.23968261,-0.029682618,-1.8896827,-0.11968262,-1.9296826,-1.3496826,0.020317383,1.0303174,0.33031738,-0.6796826,-0.4596826,-0.29968262,0.14031738,0.23031738,0.6303174,0.8703174
-1.3596826,0.9003174,2.0703173,1.1503174,2.1203175,-0.3396826,0.5003174,0.53031737,0.6203174,-0.3096826,-0.96968263,0.2603174,0.5703174,-0.6996826,-1.4796826,-0.77968264,-0.58968264,-0.6296826,-0.6696826,-0.8696826,-0.41968262,-1.8496826,-1.7796826,-2.0096827,-0.40968263,0.27031738,0.27031738,-0.52968264,-0.3396826,0.5803174,-1.4696826,2.4003174,-0.9396826,1.2803174,1.5803174,0.6203174,1.2103174,1.5103173,-2.8896825,-1.6596826,0.4103174,0.030317383,-0.22968262,-0.31968263,-0.13968262,0.080317385,-0.7496826,0.6703174,-0.5796826,-0.06968262,-0.8696826,-1.0896826,-0.6996826,0.050317384,-0.07968262,0.2903174,0.9203174
-2.6096826,-2.4596827,-0.2796826,-1.0196826,-0.3396826,-0.7396826,-0.22968262,-0.4996826,-1.4996827,-2.2196827,-1.4496826,-0.71968263,-1.0896826,-0.21968262,-1.6496826,-1.3796827,-1.8296826,-0.41968262,-0.89968264,-1.8496826,-0.4296826,-1.1996826,0.18031739,-0.8496826,0.39031738,0.3803174,1.4203174,-1.5096827,-0.24968262,0.2803174,0.030317383,1.1703174,2.0803175,2.5503173,1.2003174,1.6803174,-1.1396827,-2.0096827,-1.6696826,0.85031736,0.3203174,0.7603174,0.40031737,0.91031736,1.3103174,0.13031739,0.7003174,-1.2296826,-0.64968264,-0.31968263,-1.1296827,-0.9196826,-0.65968263,0.7103174,1.0103173,1.0603174,1.2003174
-1.3196826,0.66031736,-0.4296826,0.2903174,1.1203173,-0.38968262,-1.7296826,-2.6196826,-2.5696826,-2.3196826,-0.9496826,-1.3096826,-1.3896827,-1.9996827,-1.4496826,-0.6796826,-0.22968262,-0.51968265,-1.3496826,-3.6096826,-2.9296827,-1.0996826,-2.5496826,-0.06968262,-0.15968262,-0.4896826,-0.31968263,3.5103173,-0.4696826,-1.6296827,-1.8996826,-1.5796826,-0.38968262,1.1203173,3.4903173,-0.15968262,-0.83968264,-1.2396827,0.5603174,-1.5996826,0.6903174,1.2903174,0.73031735,1.4803174,0.6703174,1.1403174,1.6603174,-0.35968262,-1.7296826,-0.8096826,-2.0496826,-0.07968262,-0.90968263,0.46031737,0.7103174,1.0203174,1.4303174
0.27031738,0.30031738,1.2903174,1.8303174,0.6403174,0.23031738,-1.8596826,-2.4296827,-3.2296827,-3.5996826,-2.6496825,-2.2196827,-1.7196826,-1.0196826,-1.0796826,-1.7596827,-1.4696826,-0.52968264,-1.3396826,-0.19968262,-0.4296826,-0.4296826,-0.06968262,0.2903174,-2.3896825,-1.4096826,-0.9296826,2.6103175,-1.1996826,1.4103174,0.34031737,0.19031738,-0.47968262,-1.4196826,1.0703174,1.4203174,0.79031736,0.34031737,-0.6896826,-0.10968262,-0.4896826,1.5003173,0.9903174,0.040317383,0.9203174,1.1903174,2.6703174,-0.6796826,-0.3996826,1.2903174,-2.4896827,-2.5296826,-0.9496826,-0.77968264,-0.5396826,-0.2796826,0.120317385
-0.07968262,0.30031738,1.5603174,-0.26968262,-2.1896827,-1.2096826,-0.44968262,-2.1696825,-5.0896826,-3.2396827,-5.0396824,-2.7896826,-0.9796826,-0.6296826,-1.0096827,-0.64968264,0.4103174,4.7603173,3.3103173,3.0603173,3.2203174,3.6003175,3.8803174,0.53031737,1.2403173,-1.8896827,1.8003174,1.0203174,-0.41968262,-3.1996827,-3.1396825,-2.6796827,-0.83968264,0.2803174,1.7503173,0.6303174,-0.47968262,4.900317,2.2503173,-2.6596825,0.16031738,-0.6096826,2.3303175,-0.4896826,-0.34968263,0.5803174,2.1703174,-1.6796826,1.2503173,0.73031735,-0.52968264,1.9303174,3.8203173,0.4703174,4.8903174,2.6103175,1.9703174
-2.4696827,-2.2096827,-2.2296827,-2.8596826,-3.5096827,-2.1396825,-0.8296826,0.18031739,0.27031738,-4.099683,-4.0096827,-3.1696825,-1.9596826,-0.9196826,0.11031738,3.5503173,4.1003175,4.130317,2.5003173,1.9003174,1.5503174,0.07031738,-1.3396826,2.1003175,2.1403174,2.3003173,1.2903174,1.4903173,2.3203173,2.7903173,-1.6096826,-3.1296825,-0.40968263,-0.029682618,0.14031738,-0.19968262,0.13031739,1.4503174,1.9803174,1.2103174,1.1303173,1.7803174,1.4403174,0.49031737,3.7203174,-0.7396826,1.3603173,-0.029682618,-1.1296827,-0.52968264,3.2703173,0.15031739,2.4703174,0.8903174,1.1203173,1.1303173,2.4403174
-3.5096827,-3.4796827,-5.4596825,-4.9096828,-3.2196827,-2.7996826,-1.9896827,-1.3896827,-0.7496826,0.36031738,-1.0096827,-1.6896826,1.8303174,2.2203174,3.6303174,3.5703173,3.1903174,1.9203174,2.9203174,1.1703174,0.24031739,0.7003174,3.1203175,-0.9296826,-1.3396826,-2.0396826,-1.3896827,1.9103174,1.3303174,0.07031738,0.5503174,-0.6096826,0.59031737,-0.7296826,0.18031739,0.9403174,1.2903174,0.6103174,-0.9496826,0.21031739,1.2603173,1.1503174,2.0403173,-0.41968262,0.27031738,-0.20968261,1.6803174,1.6403174,-0.58968264,-0.76968265,-5.619683,3.0103173,1.1503174,-0.25968263,-1.3996826,-1.1896826,-0.83968264
-3.8596826,-3.1096826,-1.1796826,-1.3996826,-1.9896827,-2.8396826,-3.1196826,-2.7696826,-3.4596827,-1.7496827,-0.6696826,-1.1396827,-3.1196826,-1.7396827,1.3703173,1.0703174,2.9303174,2.9003174,-0.4296826,-0.4396826,0.11031738,1.6403174,0.2903174,-0.21968262,0.8903174,-0.24968262,0.34031737,-0.26968262,1.1603174,1.0203174,1.3703173,0.73031735,-1.3696827,-1.3896827,0.2903174,-2.1296825,-2.4396827,-0.44968262,1.9703174,0.43031737,0.120317385,-0.5496826,2.7403173,-2.5296826,-1.0896826,-1.6996826,0.2903174,0.9203174,0.2803174,0.4703174,3.0703173,1.5003173,2.6203175,3.7903173,1.1403174,0.10031738,-1.0096827
-3.3696826,-3.5296826,-2.0496826,-0.7996826,-0.11968262,0.13031739,1.9403174,-0.6696826,-1.4996827,-0.099682614,-2.0496826,-2.1196826,-1.0896826,-2.6396825,0.9603174,0.5603174,0.050317384,0.30031738,-2.6196826,2.7203174,0.46031737,0.080317385,-1.1196827,-1.9696826,-0.28968263,-1.1996826,-0.6996826,-1.0196826,-1.4496826,0.3103174,-1.7996826,-2.7696826,-0.3996826,-0.11968262,-0.6796826,1.6903174,0.8803174,0.13031739,-0.3396826,-0.16968262,0.43031737,0.5803174,0.9203174,-2.7496827,-2.7796826,-4.1796827,-3.1096826,-1.7396827,-0.8196826,-2.3796825,-0.23968261,-2.5896826,4.2103176,2.7503173,2.5803175,3.0403173,0.40031737
-3.7996826,-3.6096826,-3.0096827,-1.9596826,-1.6596826,-1.5196826,-0.4296826,-0.20968261,-2.3696826,-1.1296827,0.5603174,-1.5396826,-0.9396826,-1.7496827,-0.9296826,-1.8296826,-3.2296827,0.5003174,-0.23968261,0.9403174,1.3003174,1.7403173,0.020317383,1.1003174,3.3403175,2.4803174,1.1703174,-0.15968262,-1.6496826,-0.24968262,-2.3296826,-2.5096827,-2.2296827,-0.77968264,-2.4896827,-3.2396827,-1.6496826,1.5303174,-0.5996826,-1.8596826,-0.8196826,0.080317385,1.8003174,2.0603173,3.0703173,-0.8596826,0.7103174,2.8603175,3.4403174,-0.29968262,-0.19968262,-1.2796826,-4.0896826,-1.3796827,0.5503174,0.6203174,0.9603174
