data/weather/current/current-wind-surface-level-gfs-1.0.json.2
{"header": { "discipline":0, "disciplineName":"Meteorological products", "gribEdition":2, "gribLength":79252, "center":7, "centerName":"US National Weather Service - NCEP(WMC)", "subcenter":0, "refTime":"2021-09-01T00:00:00.000Z", "significanceOfRT":1, "significanceOfRTName":"Start of forecast", "productStatus":0, "productStatusName":"Operational products", "productType":1, "productTypeName":"Forecast products", "productDefinitionTemplate":0, "productDefinitionTemplateName":"Analysis/forecast at horizontal level/layer at a point in time", "parameterCategory":2, "parameterCategoryName":"Momentum", "parameterNumber":3, "parameterNumberName":"V-component_of_wind", "parameterUnit":"m.s-1", "genProcessType":2, "genProcessTypeName":"Forecast", "forecastTime":0, "surface1Type":103, "surface1TypeName":"Specified height level above ground", "surface1Value":10.0, "surface2Type":255, "surface2TypeName":"Missing", "surface2Value":0.0, "gridDefinitionTemplate":0, "gridDefinitionTemplateName":"Latitude_Longitude", "numberPoints":65160, "shape":6, "shapeName":"Earth spherical with radius of 6,371,229.0 m", "gridUnits":"degrees", "resolution":48, "winds":"true", "scanMode":0, "nx":360, "ny":181, "basicAngle":0, "lo1":0.0, "la1":90.0, "lo2":359.0, "la2":-90.0, "dx":1.0, "dy":1.0 }, "data":
[rows 52 to 77 of 181, columns 59 to 117 of 360]
1.4686939,1.0886939,0.018693848,-1.4313061,-2.3913062,-2.5613062,-2.6413062,-1.4913062,-2.5713062,1.0586939,0.03869385,0.47869384,-0.45130616,1.3186939,-0.66130614,2.5786939,0.7486938,0.5586938,-0.041306153,-0.31130615,-7.6813064,-2.961306,-2.471306,1.8386939,-1.3813062,-0.32130614,-0.6313062,-1.4513061,-0.82130617,-0.49130616,-0.35130614,0.34869385,0.048693847,-2.0313063,-1.1813061,-2.3413062,-0.65130615,-2.0713062,0.65869385,0.37869385,0.72869384,0.96869385,1.6186938,1.4086938,1.4486939,2.9386938,3.3986938,0.05869385,2.3286939,2.0686939,1.3386939,2.8186939,-0.071306154,0.5686939,-0.14130615,1.0986938,1.7686938,0.17869385,-0.8713062
0.8086938,2.028694,0.27869385,0.6986939,1.3186939,0.06869385,-0.38130614,1.6186938,2.1386938,-0.5013062,2.8786938,0.14869384,0.17869385,-0.8013061,-0.9913061,-1.1913061,-0.85130614,2.268694,1.0186938,-1.2613062,-1.4013062,-1.0713061,0.8686938,-1.7313062,0.05869385,-0.76130617,-1.2313062,-2.011306,-0.58130616,0.30869386,-2.761306,-2.3713062,3.1986938,-1.4913062,-1.7913061,1.5586939,-0.021306152,-1.4613061,-0.7513062,1.1186938,1.3486938,-1.4813062,-0.23130615,-0.8713062,-0.17130615,1.8786938,1.7486938,2.6386938,1.2886939,1.2586938,1.3286939,0.7586939,0.46869385,-1.3113061,-0.27130616,-0.45130616,-1.0813061,-1.8413062,-1.3313061
1.4786938,1.3386939,-1.0113062,0.64869386,-0.61130613,-1.7013061,1.0786939,1.7286938,2.018694,1.0386939,0.028693847,-0.14130615,0.09869385,1.6086938,1.2586938,1.7786938,2.0686939,3.9086938,1.9386939,-0.65130615,-1.6113062,-2.011306,-0.08130615,-2.1613061,-1.6013062,-1.6713061,-1.9313061,-2.3013062,-1.7013061,-3.231306,-5.021306,3.6886938,2.308694,2.6986938,3.4386938,1.2886939,1.7586938,1.7786938,1.3286939,1.3686938,-0.0013061523,0.79869384,0.73869383,-0.31130615,0.77869385,0.83869386,1.2386938,1.1586938,1.7786938,0.64869386,0.91869384,-0.27130616,0.20869385,-0.11130615,-1.4613061,-1.5313061,-2.991306,-3.0813062,-1.2413062
0.65869385,-1.4613061,-4.071306,-1.0313061,0.08869385,-0.28130615,-0.27130616,-0.11130615,-0.35130614,-1.3213061,-0.23130615,0.028693847,-0.29130614,-2.5613062,-0.33130616,1.6386938,1.9786938,0.73869383,-1.7213062,2.3586938,1.7486938,-0.08130615,-0.47130615,-0.6313062,-1.5413061,-0.9413062,-0.08130615,-0.53130615,2.0786939,1.0386939,3.0786939,3.1086938,3.8586938,3.7086937,2.1386938,2.0686939,1.3686938,1.0186938,-0.73130614,-0.12130615,0.9486939,1.0286938,1.5486939,0.44869384,0.79869384,0.8786938,0.66869384,0.57869387,1.3286939,0.65869385,1.1586938,-1.7613062,1.4186939,1.0786939,0.5086939,-3.0513062,-4.4313064,-3.7913063,-2.1313062
1.6786939,2.6286938,-5.331306,-4.121306,0.66869384,-0.82130617,-1.5513061,-1.7513062,-1.9513061,-0.34130615,-0.0013061523,-1.3713062,-1.0313061,-1.1913061,-1.8813062,-1.8513062,-0.27130616,2.308694,2.288694,1.0986938,2.9686937,2.1086938,1.3586938,1.9286939,2.5986938,0.79869384,3.4286938,3.1486938,2.3686938,3.3686938,5.0686936,5.658694,4.0086937,1.6986939,1.2886939,0.89869386,1.7686938,0.8686938,0.96869385,0.97869384,0.8786938,0.29869384,0.6886938,0.08869385,0.54869384,-0.32130614,0.38869384,-1.0713061,-0.79130614,-0.30130616,-0.61130613,-0.31130615,-0.54130614,-0.9313061,-1.9313061,-3.8413062,-3.751306,-3.501306,-1.9213061
-3.0713062,-2.211306,-10.991306,-2.1413062,-1.8313061,-1.8413062,-2.751306,-0.8113062,-0.12130615,-1.9413061,1.1186938,0.23869385,-0.91130614,-3.211306,0.39869386,-1.4213061,-2.5713062,-1.2713062,1.0886939,1.3786938,3.748694,3.6786938,2.518694,2.728694,4.0486937,0.79869384,1.4786938,1.3886938,1.3386939,1.1986939,3.6586938,3.0986938,-0.9413062,1.7086939,1.5286938,-0.29130614,-0.011306153,0.83869386,-0.071306154,0.98869383,-0.25130615,-1.0513061,-0.11130615,0.9986938,-0.5613062,-0.20130615,-0.38130614,-1.1313062,0.40869385,-0.25130615,-1.3613062,-0.17130615,0.70869386,-1.4313061,-3.991306,-3.6013062,-3.4313061,-2.691306,-2.511306
-1.4913062,-1.8613062,-14.911306,-6.331306,-2.5613062,-1.1313062,1.4286939,0.13869385,0.5686939,1.6886939,0.24869385,-0.08130615,-1.7613062,-1.5113062,-0.73130614,-0.26130617,0.89869386,0.30869386,-2.971306,1.0186938,0.8686938,2.4386938,3.508694,2.0786939,2.038694,1.3186939,0.14869384,0.24869385,0.09869385,-0.7513062,0.8086938,0.9486939,0.89869386,1.1586938,0.6886938,-1.5113062,-0.44130614,-0.8013061,-0.46130615,-1.3013061,0.18869385,-0.37130615,-1.9413061,-1.1513062,0.21869385,-0.041306153,-1.1213062,-1.6913061,-1.1913061,-0.79130614,-0.021306152,0.36869386,-0.79130614,-3.241306,-1.0713061,-3.1113062,-2.941306,-1.9113061,-2.711306
-4.561306,-1.9013062,-7.061306,-6.401306,-0.65130615,4.0886936,4.058694,1.2986939,1.5586939,-0.76130617,-1.6913061,-0.84130615,-2.0313063,0.90869385,0.54869384,0.5686939,1.1586938,1.3486938,-0.70130616,-1.8713062,1.1486938,2.4186938,-0.08130615,1.9886938,2.808694,3.0686939,1.5886939,-0.15130615,-0.61130613,1.3486938,2.3586938,1.0086938,1.4486939,2.308694,1.8286939,2.258694,0.54869384,0.49869385,-1.1813061,-1.1313062,-1.7413062,0.42869386,0.32869384,0.028693847,0.5586938,0.26869383,-1.0313061,-0.45130616,-0.0013061523,-0.58130616,-0.43130615,0.30869386,0.27869385,-4.391306,-1.5613061,-2.5813062,-3.4213061,-0.78130615,-3.751306
-2.951306,0.38869384,0.17869385,-3.3113062,3.6786938,3.308694,-0.36130616,1.5586939,0.21869385,-1.0913062,0.048693847,-1.7613062,-2.6213062,-1.1813061,0.58869386,0.09869385,0.6286938,0.20869385,0.15869385,-1.3013061,-0.31130615,-1.6613061,1.1686939,1.5986938,2.008694,1.3486938,1.7586938,3.1086938,2.8186939,1.2786938,-0.09130615,0.95869386,-0.89130616,0.16869384,0.28869385,0.31869385,-0.33130616,0.03869385,1.3486938,0.16869384,-0.041306153,0.36869386,-0.26130617,0.09869385,-0.0013061523,-0.14130615,-0.44130614,0.31869385,0.46869385,0.26869383,0.028693847,0.66869384,-0.16130616,-4.071306,-3.191306,-1.6613061,0.33869386,-1.2013061,-0.49130616
-6.8013062,0.12869385,0.20869385,-8.921307,-5.711306,0.8086938,2.1986938,1.7186939,-0.24130616,-3.231306,-1.4013062,-4.1813064,-3.471306,0.22869384,1.3186939,0.89869386,0.65869385,-0.66130614,-0.011306153,-0.8713062,-0.6913062,-1.9113061,-2.1013062,-0.83130616,0.08869385,1.3686938,2.1186938,1.3186939,2.988694,2.268694,2.478694,2.3486938,1.8586938,2.4486938,-0.29130614,0.6986939,-0.42130616,-0.85130614,-0.05130615,0.33869386,0.49869385,0.90869385,1.4686939,0.6986939,-0.26130617,0.57869387,0.12869385,0.018693848,0.16869384,0.42869386,-0.49130616,0.48869383,-0.41130614,-3.0413063,-0.44130614,0.45869386,0.7586939,-0.23130615,-0.47130615
-5.361306,-3.701306,-2.6813061,-2.3913062,-1.4013062,1.1686939,-1.2513062,-0.44130614,-1.2713062,-2.6613061,-3.1413062,-5.521306,-3.0713062,1.4186939,0.28869385,1.5986938,0.54869384,1.5386939,-0.92130613,-0.29130614,-0.18130615,-0.16130616,0.06869385,-0.91130614,-1.4713062,-1.0713061,-0.8713062,0.11869385,-0.26130617,2.1186938,1.8786938,1.5586939,0.58869386,0.39869386,0.13869385,-0.42130616,-0.95130616,-0.82130617,-0.64130616,0.28869385,0.06869385,0.45869386,0.43869385,0.08869385,0.06869385,-0.24130616,-0.57130617,0.77869385,1.1086938,0.49869385,0.31869385,0.37869385,0.41869384,1.2386938,1.8186939,0.20869385,-1.3113061,0.84869385,0.77869385
-0.53130615,1.7386938,2.1286938,1.8686938,-0.76130617,1.3386939,-1.7413062,-3.6613061,-0.27130616,-2.0413063,-6.891306,-0.6913062,-0.31130615,-0.15130615,0.6186938,1.7486938,-1.2813061,-2.711306,-1.1013062,0.63869387,0.008693848,0.18869385,-0.03130615,-0.5513061,-0.12130615,-0.41130614,0.078693844,-1.0313061,-1.0413061,-1.6213062,-1.7313062,-1.6013062,-1.4613061,-2.221306,-0.8813062,-1.3613062,0.25869384,0.028693847,-1.3313061,0.33869386,0.37869385,-0.84130615,0.52869385,-0.0013061523,0.76869386,1.4486939,1.1886939,0.78869385,1.4586939,0.63869387,0.5086939,1.1986939,0.03869385,0.13869385,0.16869384,0.20869385,1.0686939,0.90869385,0.78869385
1.0786939,0.89869386,0.7586939,-0.65130615,0.028693847,-1.1413062,0.5686939,0.52869385,-2.271306,-3.7913063,-5.331306,0.108693846,-0.78130615,0.25869384,-0.31130615,1.8386939,-0.30130616,0.21869385,0.57869387,1.3386939,1.5486939,1.1486938,1.2486938,0.6886938,0.5086939,0.39869386,0.47869384,-0.09130615,0.09869385,0.84869385,1.1386938,0.22869384,0.35869384,1.1186938,1.1386938,1.0486939,0.048693847,-0.071306154,0.45869386,-0.24130616,-0.90130615,0.43869385,0.6186938,0.12869385,1.2686938,1.1386938,0.7586939,0.85869384,0.6186938,0.26869383,0.20869385,0.21869385,0.97869384,0.9486939,1.3186939,0.7586939,1.4586939,0.96869385,0.008693848
2.3586938,1.2486938,0.53869385,1.0186938,-0.101306155,0.71869385,-1.3613062,-0.51130617,-0.09130615,-3.741306,-1.6113062,3.7086937,3.1586938,1.2686938,0.84869385,0.44869384,1.1186938,1.8986938,1.5486939,2.0886939,2.3686938,2.058694,2.8686938,1.2386938,2.518694,1.1686939,2.3686938,0.82869387,2.3486938,2.1286938,1.4586939,0.96869385,-0.27130616,0.72869384,0.41869384,-0.72130615,-0.71130615,0.24869385,-0.39130616,-0.54130614,-0.41130614,0.18869385,0.51869386,0.11869385,0.13869385,0.58869386,0.6986939,0.108693846,-0.08130615,-0.5513061,-0.15130615,-0.41130614,0.108693846,-0.12130615,0.72869384,0.28869385,1.6086938,0.89869386,0.27869385
3.258694,5.178694,6.188694,4.408694,0.63869387,-1.4613061,-2.3313062,-3.0813062,-3.511306,-3.7813063,-0.8713062,0.73869383,-2.3413062,-2.5313063,-0.41130614,-0.34130615,1.4686939,2.248694,1.4486939,1.2386938,1.8686938,1.8686938,1.3586938,1.3286939,2.978694,1.1686939,2.8886938,2.2186937,2.2186937,2.0686939,1.1586938,1.0086938,1.5686939,0.95869386,0.5586938,-0.38130614,0.53869385,0.41869384,0.5686939,-0.22130615,-0.101306155,0.11869385,0.028693847,0.20869385,-0.25130615,0.79869384,0.46869385,0.018693848,-0.21130615,-0.08130615,-0.44130614,0.29869384,-0.061306152,0.018693848,-0.61130613,0.23869385,-0.26130617,0.48869383,0.06869385
-0.041306153,6.078694,3.9086938,1.3086939,-0.60130614,-1.1413062,-1.3213061,-2.8913062,-4.391306,-4.501306,-3.8413062,-5.621306,-4.591306,-2.991306,0.90869385,1.0486939,1.9786938,1.9086938,1.0186938,0.15869385,0.8186939,2.1786938,1.0586939,1.6586938,1.1286938,0.72869384,0.9386938,1.2086939,1.9186939,1.6386938,1.6686939,0.85869384,0.41869384,0.17869385,0.05869385,0.35869384,0.15869385,0.52869385,-0.011306153,-0.09130615,-0.071306154,-0.12130615,0.21869385,-0.16130616,-0.0013061523,0.18869385,-0.64130616,0.14869384,-0.061306152,0.21869385,0.6986939,-0.6913062,-0.34130615,-0.79130614,-1.2813061,-0.72130615,0.14869384,0.12869385,-1.9713062
1.6786939,5.128694,2.8786938,-0.14130615,0.89869386,-0.03130615,-1.5913062,-2.5413063,-3.261306,-4.151306,-5.0513062,-3.8413062,-1.4713062,-1.7813061,3.1586938,0.58869386,1.6686939,0.72869384,0.53869385,3.018694,2.778694,1.6686939,0.83869386,1.5186938,0.21869385,0.25869384,0.38869384,1.9786938,2.1786938,1.2786938,0.91869384,-0.6813061,-0.54130614,-0.021306152,-0.13130616,0.11869385,1.8286939,2.1186938,0.24869385,-0.12130615,0.08869385,-0.41130614,-0.20130615,0.048693847,0.078693844,-0.41130614,-0.6813061,-0.44130614,-0.021306152,0.57869387,0.03869385,-1.1913061,-0.7513062,-1.8413062,-1.8513062,0.6186938,2.528694,2.6686938,3.0786939
3.3886938,3.0786939,1.6386938,2.3286939,1.6486938,0.28869385,-0.35130614,-0.6213062,-1.4513061,-2.5413063,-2.951306,-4.061306,0.72869384,-1.2413062,2.6686938,1.1986939,0.89869386,0.88869387,-0.041306153,2.558694,3.038694,1.9286939,2.1786938,2.4386938,0.7586939,0.43869385,0.8186939,-0.57130617,1.2186939,3.3386939,3.1286938,0.5086939,-1.1213062,-1.0613061,-0.45130616,-0.76130617,2.6486938,3.1586938,0.54869384,0.028693847,-0.05130615,-0.53130615,0.17869385,0.15869385,0.21869385,0.28869385,-0.16130616,-0.61130613,-1.2913061,0.40869385,0.63869387,-0.86130613,-3.8713062,-1.2913061,2.9086938,1.5286938,2.728694,3.738694,3.478694
4.2586937,2.5886939,2.538694,3.3286939,2.988694,1.2386938,-0.78130615,-0.73130614,-0.90130615,-2.6513062,-2.8213062,-3.5713062,-2.691306,-0.59130615,1.7586938,0.76869386,0.8786938,1.6786939,1.6786939,2.1386938,2.258694,2.038694,1.0886939,2.1286938,0.6886938,0.63869387,-0.25130615,-0.32130614,1.4186939,1.6486938,1.3086939,0.64869386,0.11869385,0.47869384,-1.5113062,-0.35130614,1.7486938,1.5186938,0.14869384,0.21869385,-0.05130615,0.16869384,0.48869383,0.27869385,0.23869385,-0.08130615,-0.22130615,-1.6013062,-1.6213062,0.7586939,1.3086939,0.13869385,-2.3913062,-3.9313061,2.4386938,2.3586938,2.548694,3.3786938,3.8986938
5.478694,5.4686937,4.888694,5.018694,4.128694,2.5686939,1.0786939,-0.21130615,-0.41130614,-0.53130615,-0.6913062,-0.27130616,0.46869385,0.38869384,2.768694,0.73869383,0.83869386,1.0786939,1.3586938,1.9686939,1.3186939,1.3986938,-0.041306153,0.108693846,0.57869387,-0.42130616,0.44869384,1.4786938,2.048694,1.5286938,0.7486938,0.46869385,-0.51130617,-3.8413062,-2.961306,-0.9313061,-0.26130617,0.31869385,0.5086939,0.21869385,0.24869385,1.0786939,-0.19130616,-0.41130614,-0.22130615,-0.57130617,-0.30130616,-2.1813061,-2.011306,0.8086938,0.6286938,0.09869385,-1.6413062,0.108693846,2.4286938,1.7586938,1.9586939,4.868694,3.028694
6.688694,6.618694,6.248694,5.108694,4.608694,3.0886939,1.5186938,0.12869385,-1.0313061,-1.2213062,-0.7413061,-1.0313061,-0.13130616,-0.37130615,0.76869386,1.0086938,-0.11130615,1.0486939,1.2586938,1.3986938,2.1386938,2.288694,0.32869384,1.0686939,-1.0713061,-1.2013061,1.5986938,1.8086939,1.9786938,1.9186939,1.6786939,0.67869383,-0.13130616,0.018693848,-0.071306154,-1.0713061,-0.8013061,0.008693848,-0.23130615,0.5586938,0.29869384,1.2486938,0.028693847,-0.061306152,-0.91130614,0.28869385,-0.16130616,0.108693846,0.24869385,0.19869384,-1.1813061,-1.7113061,-1.8913062,-0.35130614,0.5586938,3.1186938,2.8586938,6.958694,3.978694
7.428694,6.498694,5.728694,5.0686936,3.8486938,2.3686938,0.84869385,0.58869386,0.15869385,-1.2113061,-1.4213061,-2.0513062,-1.7513062,-0.48130617,-0.11130615,0.92869383,2.5686939,2.4186938,1.5086938,1.6386938,1.9086938,0.77869385,-0.37130615,-1.2413062,0.22869384,0.91869384,2.9286938,2.8186939,2.9186938,2.6786938,2.1186938,0.96869385,0.18869385,-0.29130614,0.5086939,1.0886939,1.0086938,1.2186939,2.8786938,0.8686938,0.53869385,-0.041306153,-0.52130616,-0.37130615,1.1086938,1.0386939,0.30869386,-0.101306155,0.72869384,0.13869385,0.40869385,-0.27130616,-0.6913062,0.008693848,1.6386938,1.4586939,4.668694,6.438694,4.188694
7.958694,7.328694,5.618694,4.998694,3.498694,2.4086938,1.1386938,1.1986939,0.84869385,-0.071306154,-2.5413063,-1.3913062,-2.271306,-1.0713061,-0.15130615,1.0286938,2.0886939,2.738694,1.7786938,1.6086938,0.30869386,1.0086938,-0.13130616,0.52869385,1.9686939,1.4386939,2.238694,2.9486938,4.458694,3.4386938,1.7186939,1.2486938,1.1786939,0.8186939,0.5586938,1.8186939,0.8786938,5.7786937,4.2186937,-0.61130613,-0.5613062,-1.1513062,-1.7713062,-1.5513061,-0.70130616,0.32869384,0.6186938,0.51869386,0.48869383,-0.46130615,-0.36130616,1.2586938,0.53869385,1.0286938,1.4186939,3.3486938,4.768694,5.768694,4.538694
6.998694,6.288694,4.828694,3.998694,3.538694,3.0886939,2.258694,1.6286938,2.028694,-0.09130615,-1.8013061,-2.501306,-1.7613062,-0.92130613,-1.2313062,0.26869383,1.0586939,2.048694,1.2786938,0.15869385,-0.08130615,2.048694,2.228694,2.028694,2.3586938,3.1986938,3.1486938,3.5686939,3.228694,3.528694,2.1186938,1.7486938,1.5486939,1.1786939,1.1486938,1.0686939,0.66869384,1.5486939,1.3386939,-1.2113061,-0.37130615,1.0186938,-0.8713062,-1.2113061,-1.4813062,0.59869385,0.51869386,-0.08130615,-0.25130615,0.30869386,0.14869384,0.40869385,1.2586938,1.3486938,2.798694,3.6886938,4.358694,3.3486938,2.988694
7.6986938,7.788694,5.638694,4.9886937,3.258694,3.1786938,3.0886939,1.9586939,0.92869383,0.84869385,-0.46130615,-1.8613062,-1.9013062,-1.8113061,-1.1613061,-0.43130615,1.2186939,0.65869385,-0.14130615,-0.38130614,0.16869384,2.5786939,3.6886938,4.288694,4.678694,4.268694,4.658694,4.9886937,4.158694,3.1886938,2.4186938,2.018694,1.4086938,0.8786938,-0.021306152,0.26869383,1.6186938,0.57869387,-0.44130614,-1.7613062,-0.54130614,-0.64130616,0.25869384,-0.0013061523,-1.1613061,-0.20130615,-0.35130614,-0.041306153,-0.15130615,-1.3013061,-0.15130615,0.108693846,1.4286939,2.3386939,2.748694,3.228694,3.278694,3.3386939,1.7986939
8.468694,6.8186936,4.368694,4.038694,3.738694,1.4786938,1.0486939,0.34869385,0.24869385,-0.89130616,-1.0813061,-1.3613062,-1.6313062,-2.1613061,-1.7213062,-1.2613062,0.11869385,0.54869384,0.78869385,0.008693848,0.7586939,2.228694,4.078694,3.9286938,3.7086937,4.4486938,4.9686937,5.0686936,4.7986937,3.4486938,3.6186938,2.508694,3.1686938,2.018694,1.1186938,1.1786939,0.5686939,1.5586939,-0.021306152,-1.2413062,0.13869385,-1.2713062,-0.35130614,-0.23130615,0.51869386,-2.3913062,-0.54130614,-0.25130615,-0.19130616,-0.011306153,0.13869385,0.35869384,1.6686939,2.8386939,2.8186939,2.778694,2.998694,2.3586938,1.2586938
