data/weather/current/current-wind-surface-level-gfs-1.0.json.2
{"header": { "discipline":0, "disciplineName":"Meteorological products", "gribEdition":2, "gribLength":79252, "center":7, "centerName":"US National Weather Service - NCEP(WMC)", "subcenter":0, "refTime":"2021-09-01T00:00:00.000Z", "significanceOfRT":1, "significanceOfRTName":"Start of forecast", "productStatus":0, "productStatusName":"Operational products", "productType":1, "productTypeName":"Forecast products", "productDefinitionTemplate":0, "productDefinitionTemplateName":"Analysis/forecast at horizontal level/layer at a point in time", "parameterCategory":2, "parameterCategoryName":"Momentum", "parameterNumber":3, "parameterNumberName":"V-component_of_wind", "parameterUnit":"m.s-1", "genProcessType":2, "genProcessTypeName":"Forecast", "forecastTime":0, "surface1Type":103, "surface1TypeName":"Specified height level above ground", "surface1Value":10.0, "surface2Type":255, "surface2TypeName":"Missing", "surface2Value":0.0, "gridDefinitionTemplate":0, "gridDefinitionTemplateName":"Latitude_Longitude", "numberPoints":65160, "shape":6, "shapeName":"Earth spherical with radius of 6,371,229.0 m", "gridUnits":"degrees", "resolution":48, "winds":"true", "scanMode":0, "nx":360, "ny":181, "basicAngle":0, "lo1":0.0, "la1":90.0, "lo2":359.0, "la2":-90.0, "dx":1.0, "dy":1.0 }, "data":
[rows 78 to 103 of 181, columns 59 to 117 of 360]
7.168694,6.228694,4.678694,3.7086937,2.298694,1.1286938,0.95869386,0.15869385,0.008693848,-2.1713061,-1.4413061,-1.0713061,-1.9313061,-2.2813063,-2.441306,-1.4013062,-1.4513061,0.58869386,-0.26130617,0.25869384,-0.5513061,4.378694,6.4886937,4.728694,4.4486938,6.268694,5.248694,5.5086937,5.108694,4.388694,3.8386939,2.998694,3.8386939,1.5886939,1.9786938,1.9186939,1.3286939,2.0986938,0.06869385,-1.6913061,0.06869385,-2.741306,-1.2113061,-1.8213061,-0.8113062,-0.5613062,-1.3013061,0.6986939,0.34869385,-0.09130615,-0.14130615,1.0586939,1.8886938,2.798694,3.2086937,2.9686937,2.3586938,1.6986939,0.51869386
6.7186937,6.4686937,5.3186936,3.8586938,3.048694,1.6486938,0.33869386,-0.39130616,-0.101306155,-1.1913061,-0.84130615,-1.1813061,-0.91130614,-0.53130615,-1.7413062,-1.9313061,-2.011306,-0.34130615,1.9286939,-0.42130616,1.6086938,4.558694,5.148694,6.128694,4.428694,4.418694,5.898694,5.498694,5.098694,4.418694,3.288694,3.058694,3.788694,2.748694,1.6986939,1.6786939,1.5086938,1.1486938,1.5386939,0.108693846,-0.39130616,-0.89130616,2.798694,-0.66130614,-2.9113061,-0.35130614,-2.0513062,1.5886939,0.05869385,-0.89130616,-0.92130613,0.66869384,1.9386939,2.0786939,3.4086938,3.1286938,2.3286939,1.3586938,-0.40130615
6.848694,5.518694,4.438694,3.6686938,2.538694,0.97869384,-0.11130615,-1.1113062,-1.1513062,-1.2013061,-2.3113062,-1.9213061,-2.4213061,-2.751306,-2.2913063,-1.9213061,-1.5713061,-1.4213061,-0.92130613,-1.6813061,0.88869387,7.098694,4.7986937,4.668694,6.208694,6.188694,5.848694,5.648694,6.148694,5.898694,5.368694,3.4386938,4.188694,3.6586938,1.2586938,1.7886939,0.8086938,0.9386938,0.108693846,1.5186938,0.42869386,1.2086939,-3.8013062,-1.3113061,-3.3813062,-3.261306,-1.9113061,0.51869386,0.30869386,-0.26130617,-0.96130615,0.14869384,1.5286938,2.538694,2.3786938,2.3786938,1.5786939,0.77869385,-0.59130615
6.5686936,5.938694,4.148694,3.308694,2.768694,1.0186938,0.24869385,-0.41130614,-1.5813061,-0.8113062,-1.0613061,-2.951306,-1.7213062,-2.5313063,-2.4213061,-1.6513062,-1.9413061,-2.0413063,-0.22130615,1.0686939,5.358694,7.358694,4.4886937,3.1886938,2.758694,6.808694,6.138694,6.328694,6.5486937,5.9686937,5.2386937,4.998694,4.888694,4.208694,2.558694,2.308694,2.978694,0.15869385,-0.20130615,0.96869385,0.95869386,-0.061306152,0.31869385,0.09869385,-0.6313062,-0.26130617,-0.11130615,-1.0113062,-0.78130615,-0.041306153,-0.54130614,0.14869384,0.89869386,1.9086938,1.4486939,0.57869387,0.19869384,0.19869384,-0.44130614
5.418694,4.648694,3.988694,2.8286939,2.018694,1.1486938,0.21869385,-0.37130615,-1.3613062,-0.9413062,0.018693848,-0.54130614,-0.72130615,-2.271306,-1.2713062,-1.9513061,-1.8413062,-1.8813062,-2.8013062,2.728694,5.748694,4.668694,1.7086939,-2.0613062,5.608694,7.848694,7.428694,7.0886936,7.188694,6.618694,6.118694,5.8386936,5.308694,5.228694,4.7186937,2.6586938,2.1986938,0.92869383,0.48869383,-0.83130616,-0.34130615,0.6286938,0.90869385,1.4186939,1.1186938,0.31869385,-0.27130616,0.13869385,-1.0213062,-1.3213061,-1.0713061,-0.60130614,0.33869386,0.67869383,0.72869384,0.30869386,-0.23130615,-0.71130615,0.63869387
5.678694,5.018694,3.9286938,3.4186938,2.2186937,2.008694,0.71869385,-0.19130616,-0.6913062,-1.2213062,-1.6213062,-1.5013062,-2.221306,-2.5413063,-1.7413062,-1.7213062,-1.3913062,-0.35130614,0.6286938,1.9486939,3.498694,1.5286938,0.32869384,5.0286937,7.638694,7.5486937,7.0286937,8.188694,7.848694,7.108694,6.598694,5.878694,5.538694,5.7186937,5.328694,4.168694,4.348694,2.8786938,0.8786938,-1.3713062,-0.85130614,-0.33130616,2.9586937,1.2886939,-0.25130615,-1.1213062,-0.77130616,-1.2113061,-0.97130615,-2.1413062,-2.461306,-1.3713062,-1.3613062,-1.0513061,1.1486938,4.418694,2.768694,2.228694,2.4486938
5.158694,4.348694,3.0786939,2.778694,2.1386938,1.9786938,1.2486938,0.59869385,-0.26130617,-1.0113062,-2.761306,-1.8513062,-1.7813061,-1.6313062,-0.6313062,1.6386938,0.88869387,-0.0013061523,1.0086938,1.5186938,2.3686938,1.1186938,0.63869387,4.848694,6.5286937,6.348694,6.9686937,7.658694,7.248694,6.848694,7.288694,6.5686936,6.128694,5.0686936,5.5086937,5.148694,6.668694,2.478694,0.47869384,0.49869385,-1.3813062,0.018693848,0.76869386,0.6986939,1.3586938,-1.1713061,-2.1613061,-1.0913062,-0.0013061523,-2.4313061,-2.6713061,-2.1613061,-1.6413062,-0.97130615,1.6886939,1.0986938,1.2286938,2.7186937,0.17869385
4.118694,4.138694,3.1386938,2.9586937,1.7886939,0.82869387,0.97869384,1.1486938,0.5086939,-0.67130613,-1.5213062,-0.29130614,-1.9113061,-0.64130616,-1.7813061,-1.4213061,-0.35130614,0.5686939,1.4686939,2.4186938,2.728694,3.0786939,4.098694,5.2986937,5.8186936,6.2986937,7.0086937,6.608694,6.5286937,6.578694,6.788694,6.768694,5.678694,5.288694,5.178694,5.0286937,4.678694,1.1086938,1.3686938,1.2886939,-0.38130614,3.298694,0.18869385,0.13869385,0.5086939,1.7786938,-0.16130616,1.5686939,0.6286938,-0.77130616,-3.271306,-3.471306,-2.3313062,0.77869385,1.3586938,-0.54130614,-0.44130614,0.048693847,0.028693847
2.808694,3.988694,3.4086938,2.738694,1.1386938,0.9986938,1.0986938,0.64869386,0.22869384,-0.16130616,0.26869383,0.73869383,0.31869385,-0.70130616,0.9986938,0.91869384,-0.16130616,0.84869385,1.7286938,1.9286939,2.9086938,3.988694,3.8186939,4.608694,4.6986938,5.228694,5.658694,6.158694,6.358694,5.998694,6.618694,6.608694,5.8186936,4.9486938,5.368694,4.578694,3.3986938,1.3986938,0.09869385,0.52869385,2.2086937,4.928694,0.53869385,0.73869383,0.24869385,4.188694,3.1086938,1.2286938,0.79869384,-0.76130617,-2.3413062,-3.511306,-3.3613062,-3.1713061,-6.841306,-0.31130615,0.03869385,0.108693846,0.048693847
2.3486938,3.5786939,3.228694,2.4686937,1.7886939,1.1386938,0.54869384,0.45869386,-0.20130615,-0.21130615,-0.58130616,-0.71130615,-0.6213062,-0.47130615,-0.34130615,-0.60130614,0.8086938,1.3186939,1.3586938,1.5986938,1.5186938,3.0886939,3.808694,3.6386938,4.358694,4.9486938,5.038694,5.848694,6.0086937,5.908694,5.918694,5.678694,5.268694,4.6986938,4.158694,4.158694,4.098694,3.8286939,5.5486937,0.73869383,0.65869385,6.248694,6.7186937,0.46869385,2.048694,1.5686939,2.9286938,1.7086939,-0.05130615,-1.3813062,-3.021306,-1.7213062,-1.9013062,-1.7213062,-0.16130616,-0.29130614,-0.22130615,-0.011306153,0.18869385
3.4486938,3.758694,3.238694,2.488694,1.7686938,1.0686939,0.63869387,-0.26130617,-1.0813061,-1.0113062,-1.4613061,-0.90130615,-0.071306154,-0.20130615,-0.5013062,-0.27130616,0.33869386,1.5686939,1.2486938,1.2586938,2.558694,1.8786938,2.9086938,2.998694,4.8386936,5.0286937,4.708694,5.0286937,4.708694,4.9486938,5.118694,5.2786937,4.328694,3.238694,4.478694,5.118694,3.8586938,3.9486938,3.288694,4.918694,0.54869384,1.6986939,1.2686938,1.5086938,0.22869384,1.1686939,3.268694,2.058694,0.16869384,-0.71130615,-2.5313063,-0.31130615,-0.45130616,0.018693848,-0.12130615,-0.6813061,-0.061306152,0.26869383,0.22869384
5.158694,4.458694,4.128694,3.8886938,3.4386938,3.038694,2.3586938,0.91869384,-0.28130615,-1.5313061,-1.9913062,0.03869385,-1.0213062,-1.3313061,-0.47130615,-0.20130615,0.018693848,0.8786938,1.5886939,1.4886938,1.5586939,2.6886938,2.5886939,3.8286939,3.8186939,3.9286938,4.168694,3.778694,3.548694,4.398694,4.438694,4.458694,3.988694,3.978694,5.158694,5.688694,6.888694,3.9486938,5.0886936,4.7186937,1.0086938,0.36869386,1.1186938,0.83869386,1.7986939,3.028694,3.6386938,0.89869386,0.108693846,-1.5813061,-0.95130616,-0.30130616,0.28869385,-0.03130615,0.08869385,0.57869387,-0.22130615,-0.021306152,-0.38130614
5.398694,4.558694,4.898694,5.0686936,4.688694,3.528694,3.748694,3.1186938,1.8886938,0.85869384,0.15869385,-1.1313062,-0.47130615,0.09869385,-0.70130616,-0.96130615,-0.09130615,0.36869386,0.97869384,2.0786939,2.018694,2.228694,2.488694,3.048694,2.6786938,2.498694,2.1386938,2.6386938,2.3886938,2.8186939,3.4486938,3.528694,4.0086937,3.2186937,2.0786939,-0.33130616,-2.8913062,2.788694,2.778694,2.6786938,3.0786939,0.03869385,0.54869384,-0.32130614,0.22869384,2.8686938,1.1786939,0.64869386,-1.6613061,-3.5613062,-0.32130614,-0.19130616,0.06869385,0.23869385,0.11869385,-0.16130616,0.05869385,-0.021306152,0.19869384
5.348694,4.898694,5.348694,4.868694,4.558694,4.828694,3.6086938,2.6586938,3.298694,3.548694,2.8386939,1.3086939,1.3786938,1.2486938,1.6286938,0.58869386,1.0386939,1.0886939,1.2186939,1.2586938,1.4486939,2.538694,1.9586939,1.4186939,0.78869385,1.3486938,1.6786939,1.4086938,0.89869386,1.3986938,1.8786938,2.798694,2.238694,2.748694,2.298694,3.728694,4.388694,5.248694,6.5486937,5.438694,-2.941306,-3.6413062,-0.09130615,-0.48130617,-0.24130616,2.478694,4.358694,0.25869384,-1.7313062,-2.1513062,0.52869385,-0.18130615,0.06869385,0.17869385,-0.18130615,-0.28130615,-0.011306153,0.30869386,0.52869385
6.058694,5.2786937,4.328694,3.6286938,4.2386937,5.158694,5.148694,5.2986937,3.3786938,3.1786938,2.9386938,2.6686938,2.0786939,2.1786938,2.058694,2.238694,1.7086939,2.008694,1.8886938,1.4186939,0.70869386,0.39869386,-0.08130615,0.06869385,-0.60130614,-0.54130614,0.20869385,-0.041306153,0.25869384,1.0386939,1.0786939,2.6286938,3.0686939,3.7086937,4.748694,4.998694,4.6986938,6.908694,8.828693,10.048694,7.368694,-6.441306,-0.77130616,-0.021306152,-0.09130615,1.0086938,6.3186936,0.7486938,0.24869385,0.73869383,1.6286938,0.018693848,-0.31130615,0.24869385,-0.47130615,-0.16130616,-0.37130615,-0.27130616,2.0786939
4.0686936,3.988694,4.138694,5.178694,4.308694,4.558694,5.638694,5.498694,6.5486937,4.978694,3.4386938,2.4686937,1.8186939,2.278694,1.7186939,2.498694,2.1586938,2.1486938,2.5986938,2.1786938,1.4286939,0.49869385,-0.31130615,-0.03130615,0.018693848,-1.0813061,-1.1713061,-0.89130616,-0.59130615,0.078693844,2.1486938,2.528694,2.6086938,4.9686937,3.9386938,5.728694,7.638694,8.758694,7.0886936,11.468694,9.4586935,-0.64130616,-4.211306,-0.52130616,0.27869385,1.0786939,1.4686939,1.0386939,-0.12130615,-0.38130614,1.0186938,-1.0213062,-0.6813061,-0.42130616,-0.78130615,-0.05130615,0.13869385,0.49869385,5.0686936
3.6486938,3.1886938,2.518694,2.0786939,4.0286937,3.768694,4.9886937,4.408694,4.748694,5.658694,5.0286937,4.4686937,3.7186937,3.238694,2.978694,2.3586938,2.058694,2.038694,2.0786939,1.3986938,2.1786938,1.4286939,-1.4413061,-0.30130616,-0.58130616,-1.9413061,-2.6413062,-2.211306,-0.58130616,0.078693844,-0.23130615,1.1386938,2.538694,3.7186937,4.538694,4.928694,5.878694,2.788694,2.0686939,-0.15130615,6.8386936,6.5886936,4.2786937,2.9486938,0.7586939,0.8186939,2.1786938,3.048694,0.63869387,0.39869386,0.8786938,1.0086938,2.808694,3.278694,3.288694,3.0686939,0.73869383,4.3186936,5.7986937
6.378694,6.138694,5.8386936,5.808694,5.5886936,6.638694,5.408694,6.078694,5.1986938,5.248694,5.0086937,5.138694,4.768694,3.8486938,3.0786939,2.998694,2.5786939,2.778694,3.558694,2.8386939,2.9586937,2.7186937,0.72869384,-3.511306,-1.6613061,-2.6713061,-3.3913062,-1.8413062,0.078693844,0.8786938,0.96869385,1.2186939,2.5686939,2.298694,3.808694,3.6886938,3.3286939,3.238694,3.3686938,3.478694,3.6786938,5.328694,4.438694,5.408694,3.8786938,-0.53130615,1.8186939,1.5286938,1.2186939,1.9786938,2.7086937,2.9186938,3.8886938,4.388694,3.798694,3.728694,4.2586937,4.458694,4.4886937
7.178694,7.978694,7.6986938,6.918694,6.8386936,5.978694,5.498694,6.158694,6.0886936,5.7186937,5.418694,5.5886936,5.188694,4.658694,3.9486938,3.238694,4.2186937,4.4886937,4.328694,4.2986937,4.5886936,3.4686937,3.1686938,1.4786938,-3.1413062,-2.5413063,-4.1813064,-2.8213062,-0.6813061,1.6186938,-0.28130615,2.6286938,3.2086937,2.788694,3.3886938,3.3186939,3.768694,3.768694,5.0486937,6.248694,7.188694,6.878694,5.7786937,4.078694,5.348694,3.9086938,3.808694,1.3886938,1.7686938,3.8586938,5.248694,4.518694,5.5086937,5.7986937,3.6686938,4.5286937,5.618694,5.0486937,6.438694
7.708694,7.668694,6.628694,6.138694,6.378694,6.3186936,7.0086937,7.108694,6.728694,5.6986938,5.6986938,6.178694,5.848694,5.5486937,4.728694,4.038694,4.498694,4.6986938,5.018694,5.0286937,4.868694,5.148694,4.038694,2.6186938,-3.1413062,-4.091306,-3.5613062,-2.8013062,-0.061306152,0.92869383,2.0686939,1.8586938,2.6286938,2.8986938,3.7086937,3.8386939,4.3186936,4.708694,5.308694,6.608694,7.578694,6.3386936,6.608694,6.688694,6.908694,5.098694,5.288694,4.8186936,0.92869383,2.1686938,3.9086938,1.0986938,3.6886938,5.2786937,2.5886939,4.148694,5.0486937,5.0886936,5.808694
7.748694,6.178694,6.8386936,6.138694,6.4486938,6.3186936,5.5286937,4.398694,4.418694,6.4486938,6.118694,6.208694,5.748694,5.928694,5.7986937,5.5286937,5.2586937,5.4486938,5.2586937,6.0886936,5.7386937,5.358694,4.368694,3.8886938,-2.971306,-4.081306,-4.4313064,-2.6413062,-0.92130613,1.5186938,2.7086937,2.4586937,2.3686938,2.778694,3.018694,3.4586937,3.4286938,4.058694,4.828694,5.2186937,5.5886936,5.998694,6.228694,6.598694,5.788694,5.228694,5.2786937,5.308694,5.018694,2.4486938,3.988694,3.0686939,1.4986938,4.138694,0.67869383,1.2686938,2.8486938,8.158694,4.958694
6.018694,6.328694,6.5686936,5.828694,5.9486938,5.598694,3.8886938,4.898694,4.628694,3.768694,4.998694,5.608694,6.3386936,5.9686937,6.4486938,6.398694,6.668694,6.348694,6.638694,6.8386936,6.7986937,5.9686937,5.4886937,3.8786938,-2.7913063,-4.9113064,-5.321306,-3.6113062,-1.1513062,0.26869383,0.47869384,1.5486939,1.3686938,1.2786938,1.6186938,2.4186938,2.798694,2.768694,3.058694,3.8786938,3.768694,4.848694,5.4686937,4.398694,4.178694,4.638694,3.8486938,3.8586938,3.1386938,2.498694,3.4286938,3.048694,2.238694,2.1486938,2.1686938,2.738694,3.1686938,4.5686936,0.44869384
6.888694,6.248694,6.808694,5.498694,5.938694,5.8186936,5.0686936,5.018694,5.138694,6.308694,4.248694,5.0486937,6.038694,6.148694,6.0886936,5.728694,6.978694,6.918694,6.208694,7.168694,7.1986938,7.0086937,6.608694,5.0086937,0.06869385,-2.9313061,-3.6513062,-3.0813062,-2.0613062,-0.95130616,0.43869385,0.33869386,0.14869384,-0.15130615,0.33869386,0.52869385,1.3086939,2.0686939,2.4686937,2.5886939,2.8886938,3.278694,3.1886938,3.018694,2.758694,2.2186937,2.268694,1.5486939,2.1986938,2.6986938,2.1186938,2.3986938,2.508694,2.4286938,2.4386938,2.4186938,2.8886938,3.028694,2.4586937
6.0086937,6.2586937,4.688694,4.868694,5.938694,5.7786937,5.428694,5.7786937,5.7186937,6.678694,6.2586937,5.9486938,5.7386937,6.1986938,6.9486938,5.648694,6.5886936,6.748694,7.828694,6.958694,7.938694,7.748694,7.178694,6.038694,0.34869385,-3.1213062,-1.9813062,-2.3613062,-1.1513062,-1.2013061,-2.1813061,-1.1513062,-0.91130614,-1.0813061,-0.59130615,0.06869385,0.6886938,1.2586938,0.88869387,2.798694,3.0686939,1.9686939,2.6686938,2.998694,3.778694,2.5786939,2.6186938,3.5886939,2.478694,3.3486938,3.1686938,3.3486938,3.1386938,3.268694,2.4486938,2.0886939,2.1686938,2.1886938,1.9886938
4.928694,5.5686936,5.7186937,4.808694,4.7986937,5.058694,5.678694,6.368694,5.768694,6.5686936,6.658694,6.438694,6.328694,6.0086937,6.348694,6.188694,5.808694,6.5686936,6.3186936,7.178694,8.338694,8.638694,9.038693,6.858694,1.0186938,-0.30130616,-1.4913062,-0.6813061,-0.40130615,-1.3313061,-2.691306,-2.4013062,-2.6513062,-2.5913062,-1.7113061,-1.5813061,-0.67130613,0.008693848,0.48869383,0.36869386,2.258694,1.9486939,2.028694,2.298694,3.1086938,3.548694,4.0286937,3.728694,3.9186938,3.4386938,3.288694,3.1386938,3.0886939,2.308694,2.1186938,1.6186938,1.4086938,1.5186938,1.3486938
4.458694,2.6486938,4.0886936,4.388694,3.518694,4.0086937,4.288694,5.858694,5.728694,5.918694,4.848694,4.928694,5.598694,5.828694,5.848694,5.928694,5.348694,4.618694,5.918694,6.598694,7.328694,8.878694,8.948694,6.938694,1.9986938,0.45869386,-0.17130615,-0.72130615,-1.4613061,-1.6113062,-3.1613061,-3.461306,-3.701306,-3.231306,-3.4213061,-2.941306,-1.2913061,-0.84130615,-0.28130615,1.4686939,1.0186938,1.5186938,1.9886938,2.1986938,3.3786938,2.8186939,3.3486938,3.238694,3.1186938,3.238694,3.0686939,2.6986938,2.9586937,3.1186938,2.548694,1.9286939,1.2386938,1.4086938,2.1186938
