data/weather/current/current-wind-surface-level-gfs-1.0.json.2
{"header": { "discipline":0, "disciplineName":"Meteorological products", "gribEdition":2, "gribLength":79126, "center":7, "centerName":"US National Weather Service - NCEP(WMC)", "subcenter":0, "refTime":"2021-09-01T00:00:00.000Z", "significanceOfRT":1, "significanceOfRTName":"Start of forecast", "productStatus":0, "productStatusName":"Operational products", "productType":1, "productTypeName":"Forecast products", "productDefinitionTemplate":0, "productDefinitionTemplateName":"Analysis/forecast at horizontal level/layer at a point in time", "parameterCategory":2, "parameterCategoryName":"Momentum", "parameterNumber":2, "parameterNumberName":"U-component_of_wind", "parameterUnit":"m.s-1", "genProcessType":2, "genProcessTypeName":"Forecast", "forecastTime":0, "surface1Type":103, "surface1TypeName":"Specified height level above ground", "surface1Value":10.0, "surface2Type":255, "surface2TypeName":"Missing", "surface2Value":0.0, "gridDefinitionTemplate":0, "gridDefinitionTemplateName":"Latitude_Longitude", "numberPoints":65160, "shape":6, "shapeName":"Earth spherical with radius of 6,371,229.0 m", "gridUnits":"degrees", "resolution":48, "winds":"true", "scanMode":0, "nx":360, "ny":181, "basicAngle":0, "lo1":0.0, "la1":90.0, "lo2":359.0, "la2":-90.0, "dx":1.0, "dy":1.0 }, "data":
[rows 100 to 124 of 181, columns 57 to 113 of 360]
-7.2896824,-6.559683,-6.2996826,-6.579683,-5.7696824,-6.7096825,-5.0496826,-5.4896827,-6.2296824,-6.2096825,-5.9496827,-4.5396824,-5.7096825,-5.559683,-4.1996827,-4.1596828,-4.6896825,-4.0096827,-4.2196827,-2.8496826,-3.2496827,-2.3896825,-1.9496826,-0.58968264,0.5203174,1.1403174,1.3103174,1.5503174,-1.2796826,-1.6796826,-1.3596826,-1.5396826,-2.0396826,-3.0396826,-5.4096828,-6.6096826,-7.0196824,-6.7896824,-6.849683,-6.8596826,-7.0196824,-5.8596826,-5.6296825,-4.829683,-5.1296825,-6.1096826,-6.6696825,-7.1496825,-7.7896824,-7.6296825,-8.029682,-7.6296825,-7.1296825,-6.6696825,-6.599683,-6.849683,-6.7996826
-7.349683,-6.9396825,-7.2196827,-6.6496825,-6.0496826,-6.119683,-5.7096825,-6.1896825,-5.7596827,-6.5096827,-6.1596828,-5.5096827,-6.1796827,-5.7296824,-4.5296826,-4.559683,-4.2696824,-3.9796827,-3.7996826,-3.8996825,-3.2996826,-2.8896825,-1.5896826,-0.6196826,-0.23968261,0.5603174,-0.34968263,-0.8896826,-2.8796825,-3.5896826,-2.4196825,-1.2596827,-1.5396826,-3.5096827,-5.2296824,-6.349683,-6.5696826,-6.6796827,-6.9796824,-6.7196827,-7.0196824,-5.9596825,-4.7096825,-4.599683,-5.4696827,-5.639683,-6.6096826,-6.7196827,-7.2196827,-6.6996827,-7.9496827,-7.1296825,-6.4596825,-5.9896827,-6.0196824,-6.0496826,-5.849683
-8.359683,-8.439683,-7.2996826,-7.4696827,-7.2796826,-6.6896825,-5.869683,-5.4496827,-6.2196827,-5.9196825,-6.1896825,-5.4296827,-5.8596826,-5.579683,-4.3596826,-4.139683,-3.5296826,-3.8996825,-3.8096826,-3.6996827,-4.1896825,-3.4796827,-1.7096826,-0.3396826,-1.3496826,-2.0596826,-3.2996826,-5.0096827,-4.809683,-3.0296826,-0.9896826,0.48031738,-0.71968263,-3.0296826,-4.3196826,-5.7996826,-6.1696825,-6.7996826,-7.139683,-7.6696825,-6.7196827,-6.5096827,-4.8796825,-5.9596825,-5.579683,-5.3796825,-6.0296826,-6.8196826,-6.829683,-7.369683,-6.7896824,-6.1096826,-5.5396824,-5.3996825,-5.139683,-4.6896825,-4.5896826
-7.7796826,-8.489682,-7.139683,-7.4596825,-7.369683,-7.329683,-7.0396824,-6.829683,-6.2996826,-7.1796827,-5.9196825,-6.0696826,-5.139683,-4.2396827,-4.2496824,-4.7396827,-3.1596825,-3.3596826,-3.4596827,-3.3496826,-4.869683,-3.7396827,-2.3296826,-1.4396826,-1.5996826,-3.1696825,-3.8196826,-4.6496825,-2.7796826,-2.0996826,-0.6196826,-0.19968262,-0.7996826,-1.9096826,-3.4996827,-4.4696827,-6.0896826,-6.5296826,-7.1896825,-6.809683,-6.6096826,-5.8796825,-5.389683,-5.3396826,-6.2696824,-5.5496826,-5.059683,-5.7596827,-6.2296824,-6.2396827,-4.849683,-4.7896824,-4.9396825,-4.1896825,-3.6696825,-3.1296825,-3.0496826
-7.639683,-7.9396825,-6.6796827,-7.6896825,-7.4596825,-6.369683,-6.1496825,-6.5396824,-8.489682,-7.2796826,-6.9696827,-6.7896824,-6.1596828,-6.1496825,-5.4996824,-5.1896825,-4.329683,-3.4796827,-2.5996826,-3.3196826,-4.1296825,-3.2496827,-1.4896827,-1.6796826,-2.2596827,-3.1496825,-4.4896827,-3.3696826,-2.6296825,-2.3396826,-1.8996826,-1.1296827,-1.4796826,-0.58968264,-2.2796826,-4.8196826,-6.0196824,-6.2896824,-6.349683,-6.1496825,-6.4896827,-6.1996827,-5.809683,-5.7596827,-5.8396826,-5.2596827,-5.2496824,-5.1596828,-4.4196825,-4.6996827,-3.7396827,-3.8096826,-3.4196825,-2.6096826,-2.0396826,-1.4796826,-1.6296827
-7.5496826,-7.6896825,-6.9196825,-7.8596826,-7.2296824,-5.8796825,-8.629683,-7.9396825,-8.199682,-7.599683,-6.7896824,-4.8596826,-4.7696824,-6.2796826,-6.639683,-6.0696826,-6.099683,-5.7596827,-4.1096826,-3.1196826,-2.3896825,-2.7096827,-1.8996826,-2.0096827,-2.2196827,-3.7996826,-3.9396827,-4.9596825,-4.8596826,-3.1196826,-1.5396826,-1.5396826,-1.0696826,-0.64968264,-2.7296827,-4.5696826,-5.9396825,-5.6096826,-5.829683,-6.1696825,-6.0396824,-5.9996824,-4.9796824,-5.1096826,-4.6996827,-5.599683,-5.2296824,-4.6096826,-4.079683,-4.2096825,-3.8196826,-2.6796827,-2.3196826,-1.4896827,-0.7896826,-0.07968262,0.23031738
-7.2396827,-7.599683,-7.0396824,-7.9896827,-6.3196826,-7.389683,-8.399683,-8.389683,-7.7796826,-7.559683,-6.8596826,-6.3396826,-7.4596825,-6.2596827,-6.9096828,-6.2796826,-6.0696826,-5.389683,-4.889683,-4.119683,-3.1496825,-2.1196826,-2.6196826,-2.7096827,-2.0196826,-3.5696826,-3.8696826,-3.6896827,-3.6896827,-2.7396827,-2.0096827,-0.9196826,0.34031737,-0.08968262,-1.7996826,-3.5696826,-5.3596826,-5.1996827,-5.4096828,-5.5696826,-5.4396825,-5.4796824,-4.4496827,-4.5496826,-5.2996826,-4.0496826,-4.2196827,-3.4096825,-3.9296827,-2.9796827,-2.4096825,-2.1196826,-1.7796826,-1.3996826,-0.64968264,0.5103174,0.8103174
-7.5196824,-6.6996827,-7.0096827,-6.9296827,-7.1996827,-6.4296827,-7.5396824,-7.9196825,-8.689683,-6.4996824,-7.9196825,-7.1796827,-6.5396824,-6.7896824,-7.9596825,-7.059683,-6.079683,-6.139683,-5.7096825,-5.099683,-4.4396825,-2.9796827,-2.9396827,-2.7896826,-2.8496826,-2.5996826,-3.0596826,-3.4596827,-2.5496826,-2.1796827,-1.5296826,0.120317385,0.9403174,-0.14968261,-1.2896826,-2.8696826,-3.5296826,-3.1996827,-5.2596827,-4.7996826,-4.349683,-5.1496825,-4.0496826,-4.1596828,-4.6796827,-5.2396827,-4.6296825,-4.3196826,-2.9296827,-2.7596827,-2.4496827,-1.7896826,-1.4196826,-0.96968263,-0.41968262,0.14031738,0.6703174
-7.5196824,-6.889683,-7.3596826,-7.0496826,-6.7696824,-7.4596825,-6.8196826,-9.739682,-8.109683,-6.7696824,-8.019683,-7.4096828,-7.5696826,-8.029682,-8.659682,-6.7396827,-6.9896827,-5.9196825,-8.439683,-6.2796826,-5.6896825,-4.7896824,-3.5696826,-2.7996826,-2.9696827,-2.5096827,-1.8296826,-2.1696825,-2.1796827,-1.8196826,-1.4796826,-0.4296826,0.15031739,-0.8096826,-1.8396826,-1.0596826,-1.4796826,-2.9096825,-4.5396824,-5.3796825,-4.619683,-4.7896824,-4.7396827,-3.9996827,-4.5096827,-4.4596825,-3.7896826,-3.9596827,-2.4296827,-2.0996826,-1.9896827,-1.4196826,-0.8796826,-0.8496826,-0.5796826,-0.08968262,0.3503174
-7.4996824,-6.9996824,-6.4396825,-6.1796827,-7.9396825,-6.7396827,-9.029682,-9.369682,-7.889683,-8.849683,-7.6596828,-8.279682,-8.099683,-8.369682,-8.399683,-8.199682,-6.6596828,-6.3596826,-7.2496824,-6.849683,-5.4396825,-4.1696825,-3.1696825,-2.3996825,-1.6596826,-1.8296826,-1.6596826,-0.7296826,-1.3296826,-1.2596827,-1.2996826,-0.20968261,2.0503173,0.34031737,-0.44968262,-0.32968262,-1.7096826,-3.0996826,-5.5896826,-5.7696824,-4.4996824,-4.7696824,-4.1496825,-3.9996827,-3.5696826,-3.9496827,-3.9996827,-3.6796827,-2.6996827,-1.8596826,-1.4996827,-0.71968263,-0.5996826,-0.7896826,-0.6096826,-0.15968262,0.120317385
-7.1296825,-6.7896824,-6.6596828,-6.8996825,-7.1696825,-7.1496825,-7.7096825,-9.489682,-7.7096825,-7.9696827,-7.559683,-9.069683,-8.029682,-8.639683,-9.089683,-7.9096828,-8.139683,-7.0396824,-6.1596828,-5.5196824,-3.8696826,-3.0496826,-3.0996826,-1.7796826,-0.5496826,-0.18968262,-0.38968262,-0.7896826,-0.5096826,-0.18968262,0.8103174,1.2503173,3.1403174,3.4103174,1.6203173,0.2803174,-3.1196826,-4.309683,-4.4496827,-6.0696826,-4.6696825,-3.9196825,-3.8896825,-4.5296826,-4.0396824,-3.3196826,-3.7096827,-2.5796826,-1.4596826,-0.4896826,-0.6196826,-0.5396826,-0.32968262,-0.7296826,-0.4996826,-0.3396826,0.050317384
-7.3796825,-7.1296825,-6.8196826,-6.7696824,-7.0296826,-7.059683,-7.6096826,-8.829682,-8.209682,-7.4796824,-7.7796826,-8.4196825,-8.349683,-9.279682,-9.529682,-8.269683,-7.1596828,-6.3396826,-6.9396825,-7.3596826,-6.8996825,-6.6296825,-5.5296826,-5.9696827,-4.7196827,-2.4696827,0.7703174,-0.34968263,-0.5496826,-0.4696826,0.43031737,1.0603174,4.3903174,4.3003173,1.8003174,1.0803174,-4.619683,-8.489682,-7.0896826,-6.3196826,-4.369683,-2.3296826,-3.5496826,-3.7596827,-4.0396824,-3.1896827,-1.9896827,-0.6696826,-0.5396826,-0.039682616,0.13031739,-0.4896826,-0.4596826,-0.40968263,-0.3096826,0.15031739,0.5503174
-6.9496827,-7.0496826,-6.7496824,-6.8396826,-5.6596828,-7.2996826,-5.7096825,-8.069683,-8.519683,-7.4496827,-6.2796826,-8.789682,-8.769683,-8.6696825,-9.109683,-9.269683,-9.829682,-8.549683,-9.149683,-8.559683,-8.229683,-7.599683,-6.809683,-6.8596826,-5.7396827,-4.7496824,-3.7196827,-2.0096827,-2.2996826,-1.9396826,-0.7296826,-3.8296826,-4.1096826,-2.5096827,-7.1996827,-10.309683,-10.199682,-10.4196825,-7.9196825,-4.809683,-0.9196826,-1.8196826,-3.2796826,-4.6896825,-4.1096826,-2.7996826,-2.0596826,-0.16968262,-0.23968261,-0.40968263,0.42031738,0.10031738,-0.37968263,-0.7296826,0.98031735,0.78031737,1.4703174
-6.0696826,-5.9596825,-6.1796827,-5.6796827,-5.329683,-7.119683,-6.3196826,-6.2696824,-7.5496826,-8.269683,-6.889683,-7.4296827,-8.579682,-8.289682,-7.9996824,-8.899683,-9.1696825,-9.099683,-8.679683,-9.009683,-8.509683,-8.189683,-7.8596826,-8.249682,-8.309683,-6.9596825,-7.3796825,-5.579683,-4.9096828,-4.2496824,-7.6496825,-6.5196824,-7.809683,-10.359683,-10.489682,-8.4196825,-7.2696824,-7.809683,-6.139683,-3.5996826,-5.1096826,-4.349683,-4.2196827,-3.0096827,-2.1996827,-1.7096826,-0.65968263,0.2503174,0.66031736,0.48031738,0.84031737,1.1003174,1.6503174,0.79031736,1.1103173,1.1703174,2.1703174
-5.2196827,-5.329683,-5.2296824,-5.4096828,-4.7696824,-5.349683,-6.4596825,-6.4896827,-7.7296824,-7.7696824,-7.309683,-6.2596827,-7.059683,-6.6796827,-8.099683,-8.429683,-8.689683,-8.149683,-8.649683,-8.639683,-8.879683,-8.639683,-8.739682,-8.459682,-8.589683,-8.939683,-10.289682,-10.559683,-7.1996827,-7.6496825,-7.1596828,-7.7396827,-7.4696827,-8.659682,-12.779682,-12.359683,-11.339683,-9.829682,-8.119682,-8.049683,-6.2396827,-4.889683,-4.2996826,-3.6396825,-1.9796826,-0.20968261,0.8803174,1.4703174,1.8003174,2.3403175,2.4803174,1.5603174,2.5503173,2.9103174,2.9103174,3.9703174,2.7603173
-3.9096825,-4.0896826,-4.5396824,-4.5496826,-4.619683,-4.6796827,-6.0496826,-5.4296827,-6.2696824,-7.4596825,-8.549683,-6.7996826,-6.2196827,-6.1996827,-5.6696825,-6.7896824,-7.619683,-7.4696827,-7.4996824,-8.439683,-7.869683,-7.9896827,-8.319683,-8.239682,-9.079682,-10.459682,-10.689683,-11.509683,-12.909682,-12.379683,-13.019683,-12.089683,-11.759683,-11.249682,-11.619682,-11.809683,-13.519683,-10.379683,-8.219683,-5.869683,-3.7596827,-4.349683,-3.0696826,-2.2296827,-0.8196826,1.7503173,2.2703173,2.7903173,3.1803174,3.8503175,2.9203174,2.9203174,4.420317,3.9703174,4.6803174,4.5403175,3.6103175
-2.5696826,-3.1696825,-3.6796827,-3.7596827,-3.8496826,-3.5596826,-4.5196824,-4.0296826,-5.4496827,-7.0896826,-7.4596825,-6.1496825,-6.3796825,-6.1996827,-6.079683,-5.6696825,-6.5496826,-5.869683,-6.9896827,-7.119683,-7.6796827,-7.6896825,-8.089683,-8.589683,-9.479683,-11.009683,-11.589683,-11.269683,-11.959682,-11.999682,-12.279682,-12.469683,-12.129683,-10.939683,-9.989682,-10.109683,-10.269683,-7.9296827,-6.329683,-5.0396824,-3.5896826,-3.0496826,-1.7896826,-0.90968263,1.1403174,3.0803175,3.9003174,5.0603175,5.150317,5.2303176,5.360317,6.0203176,6.5703173,6.0303173,6.1203175,6.7903175,4.8203173
-0.96968263,-2.1296825,-2.7096827,-3.0196826,-2.5796826,-2.5696826,-2.5596826,-2.5696826,-4.639683,-5.3396826,-6.2796826,-5.079683,-5.7996826,-5.9996824,-6.0696826,-6.0196824,-5.6896825,-6.5396824,-6.869683,-7.0296826,-6.6896825,-7.1596828,-8.129683,-8.079682,-8.839683,-9.659682,-10.609683,-10.679683,-11.079682,-11.569683,-12.679683,-11.809683,-11.379683,-11.439683,-11.389683,-11.279682,-10.219683,-8.819683,-7.5096827,-6.0896826,-4.309683,-3.5296826,-2.6396825,-0.96968263,0.11031738,2.3903174,4.400317,4.6403174,4.5803175,7.4703174,7.1003175,8.430317,8.230317,7.4503174,6.5703173,7.6603174,5.8203173
0.7003174,-0.049682617,-0.9496826,-1.3696827,-1.3096826,-1.2796826,-1.8296826,-0.8496826,-4.079683,-4.5196824,-5.1496825,-3.8296826,-4.4096828,-5.4296827,-5.4196825,-5.5296826,-5.7396827,-6.349683,-6.4996824,-7.0296826,-7.1796827,-7.1496825,-7.5896826,-8.079682,-8.789682,-9.379683,-10.199682,-10.779682,-11.249682,-11.939683,-12.219683,-12.039682,-11.629683,-11.479683,-10.529682,-9.929683,-9.159682,-8.259683,-6.7396827,-5.3396826,-3.4796827,-2.8596826,-1.0196826,0.13031739,1.4703174,3.2903173,4.5403175,5.8503175,6.2103176,7.3003173,8.270317,8.770317,9.290318,9.150317,7.940317,8.650317,9.260318
0.9903174,1.9103174,2.0203173,1.3903174,0.84031737,0.3503174,-0.14968261,-0.71968263,-1.7996826,-4.2896824,-3.8096826,-3.7996826,-2.9396827,-3.7596827,-4.7096825,-4.7196827,-5.0496826,-6.0496826,-6.9296827,-7.1296825,-6.9396825,-6.599683,-7.5196824,-7.9196825,-8.909682,-9.279682,-9.549683,-10.699682,-11.049683,-11.159682,-11.379683,-11.199682,-11.369682,-10.929683,-10.269683,-9.509683,-8.969683,-7.6896825,-6.2096825,-4.6096826,-2.7996826,-2.3396826,-0.8196826,0.5603174,0.72031736,0.49031737,2.4403174,5.3103175,6.4303174,7.5503173,8.540318,9.640317,9.790318,9.000318,8.3303175,9.120317,10.340318
-1.1996826,-0.51968265,2.2103174,4.2303176,1.9803174,1.9603174,1.1303173,0.22031738,0.2903174,-1.6796826,-2.0396826,-2.3796825,-2.9996827,-1.6696826,-2.8796825,-4.389683,-4.849683,-4.329683,-5.4996824,-6.059683,-6.0096827,-6.369683,-6.8596826,-7.8796825,-8.159682,-8.589683,-9.189683,-10.179683,-10.639683,-10.809683,-11.059683,-10.769683,-10.589683,-10.1696825,-9.779682,-9.359683,-8.569683,-7.309683,-5.829683,-4.2696824,-2.5996826,-1.1996826,0.15031739,1.3903174,2.3503175,3.4803174,5.0003176,5.9603176,5.900317,6.0003176,6.9503174,9.670318,10.220318,10.430317,10.490317,10.930317,10.890317
0.23031738,0.010317382,1.5003173,0.6503174,3.8603175,2.1503174,1.8603173,1.5803174,1.1403174,1.4703174,-0.06968262,-2.5996826,-1.6396827,-1.2596827,-1.0996826,-1.9196826,-3.2896826,-3.2696826,-3.9196825,-4.119683,-4.5296826,-5.3596826,-5.889683,-6.559683,-7.0496826,-7.2696824,-8.609683,-9.479683,-9.649683,-10.199682,-10.259683,-10.309683,-10.239682,-9.739682,-8.929683,-7.5896826,-6.8396826,-5.6496825,-4.2396827,-2.6096826,-1.3696827,0.10031738,1.8003174,3.2503173,3.5903175,4.8103175,5.7103176,6.8703175,7.3203173,8.360317,9.170318,9.250318,9.070317,11.300318,11.720318,11.8303175,11.8303175
2.8103173,2.0003173,1.4503174,2.3303175,2.3603175,2.6303174,3.1903174,2.6503174,2.6003175,2.4603174,1.5303174,0.2903174,-1.4896827,-0.23968261,-0.7496826,0.2503174,-0.47968262,-1.8596826,-2.2796826,-2.5096827,-3.0896826,-4.579683,-5.0696826,-5.119683,-8.329682,-8.079682,-7.9096828,-8.869682,-9.019683,-9.479683,-9.629683,-9.229683,-9.009683,-8.259683,-7.1796827,-6.2196827,-4.9296827,-3.6096826,-2.5496826,-1.0396826,0.5203174,1.8603173,3.4303174,4.860317,6.190317,6.150317,9.020317,7.7603173,8.770317,10.3303175,9.630318,10.910317,11.240317,12.380318,11.5803175,13.590318,13.410317
4.1403174,4.440317,5.3703175,4.3703175,4.0803175,2.7603173,3.8503175,5.150317,3.4903173,3.4103174,2.8603175,2.2503173,0.85031736,-0.5496826,0.37031737,1.8703173,1.1003174,0.6103174,-1.0596826,-1.5996826,-3.0396826,-3.0696826,-5.5696826,-7.7596827,-6.3396826,-6.7096825,-7.4796824,-8.209682,-8.119682,-8.589683,-8.409682,-8.149683,-7.4496827,-6.619683,-5.6996827,-4.7296824,-3.0296826,-2.1996827,-1.0296826,0.8803174,2.4503174,3.7503173,4.9603176,6.5603175,7.7403173,7.920317,8.530317,7.610317,9.260318,11.0803175,11.230317,12.890317,12.700317,12.450317,13.170318,14.5803175,14.5803175
5.7403173,5.4503174,5.610317,5.5603175,5.7003174,4.650317,3.9403174,3.9303174,4.4703174,3.6803174,4.0103173,3.1003175,2.7703173,1.9303174,0.6903174,2.9803174,2.8803174,1.9503174,1.2703174,-0.70968264,-1.7496827,-3.5496826,-3.9096825,-4.8396826,-5.6096826,-6.059683,-6.4896827,-6.9396825,-7.329683,-7.6496825,-7.3996825,-6.6496825,-6.0696826,-5.0896826,-4.0096827,-2.9096825,-2.0096827,0.030317383,1.5003173,2.9803174,4.7103176,6.0503173,7.4803176,7.9803176,8.820317,8.150317,9.020317,9.560317,10.370317,10.810317,13.000318,13.610317,12.390317,12.180317,14.230317,15.680317,16.020317
